
Electric dipole moment (input orientation):
(Debye = 10**-18 statcoulomb cm , SI units = C m)
(au)            (Debye)         (10**-30 SI)
Tot        0.313278D+01      0.796274D+01      0.265609D+02
x         -0.273498D+01     -0.695163D+01     -0.231881D+02
y         -0.648378D-01     -0.164801D+00     -0.549718D+00
z          0.152644D+01      0.387981D+01      0.129417D+02

Dipole polarizability, Alpha (input orientation).
(esu units = cm**3 , SI units = C**2 m**2 J**-1)
Alpha(0;0):
(au)            (10**-24 esu)      (10**-40 SI)
iso        0.123768D+04      0.183405D+03      0.204066D+03
aniso      0.465621D+03      0.689979D+02      0.767706D+02
xx         0.154101D+04      0.228354D+03      0.254078D+03
yx         0.319847D+01      0.473964D+00      0.527356D+00
yy         0.106001D+04      0.157078D+03      0.174773D+03
zx        -0.506822D+02     -0.751033D+01     -0.835637D+01
zy        -0.261000D+01     -0.386763D+00     -0.430331D+00
zz         0.111202D+04      0.164784D+03      0.183347D+03
Alpha(-w;w) w= 1064.0nm:
(au)         (10**-24 esu)      (10**-40 SI)
iso        0.107241D+04      0.158915D+03      0.176816D+03
aniso      0.430385D+03      0.637765D+02      0.709609D+02
xx         0.135387D+04      0.200623D+03      0.223224D+03
yx         0.308212D+01      0.456723D+00      0.508173D+00
yy         0.920827D+03      0.136452D+03      0.151824D+03
zx        -0.468579D+02     -0.694362D+01     -0.772582D+01
zy        -0.206002D+01     -0.305264D+00     -0.339652D+00
zz         0.942527D+03      0.139668D+03      0.155402D+03

First dipole hyperpolarizability, Beta (input orientation).
||, _|_  parallel and perpendicular components, (z) with respect to z axis,
vector components x,y,z.  Values do not include the 1/n! factor of 1/2.
(esu units = statvolt**-1 cm**4 , SI units = C**3 m**3 J**-2)
Beta(0;0,0):
(au)            (10**-30 esu)      (10**-50 SI)
|| (z)    -0.712722D+04     -0.615736D+02     -0.228524D+02
_|_(z)    -0.237574D+04     -0.205245D+02     -0.761748D+01
x          0.137216D+06      0.118544D+04      0.439964D+03
y          0.127494D+04      0.110145D+02      0.408793D+01
z         -0.356361D+05     -0.307868D+03     -0.114262D+03
||         0.283548D+05      0.244963D+03      0.909156D+02
xxx        0.428808D+05      0.370456D+03      0.137491D+03
xxy        0.381759D+03      0.329810D+01      0.122406D+01
yxy        0.331426D+02      0.286326D+00      0.106267D+00
yyy       -0.361608D+01     -0.312401D-01     -0.115945D-01
xxz       -0.116570D+05     -0.100707D+03     -0.373766D+02
yxz       -0.118935D+03     -0.102750D+01     -0.381348D+00
yyz       -0.122076D+03     -0.105464D+01     -0.391420D+00
zxz        0.282480D+04      0.244040D+02      0.905731D+01
zyz        0.468382D+02      0.404645D+00      0.150180D+00
zzz       -0.996113D+02     -0.860564D+00     -0.319390D+00
Beta(-w;w,0) w= 1064.0nm:
(au)         (10**-30 esu)      (10**-50 SI)
|| (z)    -0.812516D+04     -0.701951D+02     -0.260522D+02
_|_(z)    -0.277019D+04     -0.239323D+02     -0.888223D+01
x          0.154825D+06      0.133757D+04      0.496425D+03
y          0.147421D+04      0.127360D+02      0.472685D+01
z         -0.406258D+05     -0.350975D+03     -0.130261D+03
||         0.320146D+05      0.276581D+03      0.102650D+03
xxx        0.483703D+05      0.417881D+03      0.155093D+03
yxx        0.446661D+03      0.385881D+01      0.143216D+01
yyx        0.471687D+02      0.407501D+00      0.151240D+00
zxx       -0.130698D+05     -0.112913D+03     -0.419064D+02
zyx       -0.135851D+03     -0.117365D+01     -0.435587D+00
zzx        0.332680D+04      0.287410D+02      0.106669D+02
xxy        0.442056D+03      0.381902D+01      0.141739D+01
yxy       -0.144649D+02     -0.124966D+00     -0.463798D-01
yyy       -0.404640D+01     -0.349578D-01     -0.129742D-01
zxy       -0.130609D+03     -0.112836D+01     -0.418780D+00
zyy       -0.737935D+02     -0.637519D+00     -0.236609D+00
zzy        0.488854D+02      0.422332D+00      0.156744D+00
xxz       -0.132419D+05     -0.114400D+03     -0.424583D+02
yxz       -0.135966D+03     -0.117464D+01     -0.435956D+00
yyz       -0.870679D+02     -0.752199D+00     -0.279171D+00
zxz        0.318457D+04      0.275122D+02      0.102109D+02
zyz        0.510430D+02      0.440972D+00      0.163662D+00
zzz       -0.336585D+03     -0.290783D+01     -0.107921D+01

----------------------------------------------------------------------

Dipole orientation:
44         -0.39237343          0.02080115          1.68440773
17         -1.37847667          0.08370809          6.40977967
15         -3.72415660         -2.70833623          0.12850476
15         -3.82747392          2.58394289          0.04186538
15          3.11588239         -2.57366528          2.97579978
15          3.02076202          2.73720430          2.98759979
8          5.83421707         -0.08809858        -15.16600571
8          1.80405154         -0.18487357        -15.86592578
7          3.63169796         -0.12373367        -14.43545954
7          0.14121362         -0.10627234         -8.37530768
6          0.77385124          0.00189258         -1.82318964
6          1.43844069         -0.01488273         -4.07326736
6          2.07119916         -0.03912649         -6.65527598
6          4.63934431          0.00478040         -7.47526644
6          5.19332523         -0.02193100        -10.02504242
6          3.16879713         -0.09201622        -11.73906589
6          0.68407505         -0.13134593        -10.81771426
6         -5.13694301         -0.12110130         -1.82461339
6          4.77425060          0.10799218          4.57290545
6         -3.07572229         -5.41293455         -1.98006315
6         -2.66941758         -5.14492003         -4.58921379
6         -2.07614172         -7.25488552         -6.07003933
6         -1.86119557         -9.64643395         -4.97101288
6         -2.24107675         -9.92617117         -2.36875337
6         -2.84405517         -7.82752525         -0.88600656
6         -6.43734614         -3.89763268          1.98673987
6         -8.50097071         -5.02333555          0.73686635
6        -10.57626322         -5.90087401          2.10749794
6        -10.61678538         -5.67347603          4.74485296
6         -8.57937440         -4.55609658          5.99474730
6         -6.49516263         -3.66244271          4.62704762
6         -3.30220877          5.23753194         -2.16687994
6         -2.85716559          4.88700941         -4.76037034
6         -2.36456022          6.96429936         -6.32207745
6         -2.28959706          9.40685490         -5.32103898
6         -2.71183492          9.77092893         -2.73608904
6         -3.21571784          7.70445199         -1.17339062
6         -6.58139360          3.72600035          1.86877199
6         -8.71468389          4.67681216          0.59083460
6        -10.81597175          5.51978390          1.94317617
6        -10.81281919          5.43329197          4.58935773
6         -8.70531688          4.49144964          5.86719175
6         -6.59433529          3.63230179          4.51842153
6          5.31400082         -3.87396960          0.60194162
6          7.91236537         -3.34543490          0.54891105
6          9.47589013         -4.47111039         -1.26434881
6          8.46198576         -6.14205715         -3.03915494
6          5.87215377         -6.67745354         -3.00245522
6          4.30820284         -5.54446889         -1.20449236
6          2.97315123         -5.17282053          5.30146671
6          0.63160774         -6.18774399          6.01438590
6          0.51294510         -8.19133853          7.73539004
6          2.73017390         -9.18408817          8.77147618
6          5.07427467         -8.17420742          8.07616412
6          5.19781536         -6.18614698          6.34372092
6          2.74891488          5.29217644          5.34881029
6          4.86887701          6.12733585          6.71410500
6          4.64541808          8.10790519          8.44617757
6          2.30721006          9.28594453          8.82028288
6          0.19294054          8.46758324          7.46485143
6          0.41027404          6.47245931          5.74498120
6          5.18480728          4.15649951          0.64941016
6          4.11051068          5.58914291         -1.31317499
6          5.64857366          6.81218007         -3.07658810
6          8.27940435          6.60435984         -2.91767323
6          9.36429965          5.17281235         -0.98114464
6          7.82680238          3.95965804          0.79520060
1          6.14197749          0.05845363         -6.06703862
1          7.13093248          0.00941120        -10.72390011
1         -0.88926451         -0.18515736        -12.15705581
1         -4.23433872         -0.13244450         -3.69142956
1         -7.20217450         -0.16578703         -2.04453213
1          4.11912167          0.08869731          6.54433086
1          6.84958632          0.13521229          4.55874172
1         -2.77225576         -3.29995648         -5.50249514
1         -1.77393189         -7.01334960         -8.09872023
1         -1.39879330        -11.28824235         -6.13554490
1         -2.07360141        -11.78624829         -1.48706411
1         -3.14293678         -8.08265677          1.14113977
1         -8.48845253         -5.22778596         -1.31869622
1        -12.16691261         -6.76875761          1.11602669
1        -12.24054487         -6.36692073          5.81702987
1         -8.60325236         -4.36535672          8.05138873
1         -4.92553450         -2.75059912          5.61049057
1         -2.85350663          3.00467249         -5.59988036
1         -2.03154509          6.65713572         -8.33703686
1         -1.90483349         11.02263767         -6.54851295
1         -2.65685915         11.67176170         -1.93047130
1         -3.55662584          8.02746192          0.83716999
1         -8.73683376          4.77166209         -1.47265524
1        -12.46137271          6.25048471          0.93068532
1        -12.45764355          6.09934205          5.64673169
1         -8.69470163          4.41145283          7.93121337
1         -4.96792895          2.85506428          5.52461718
1          8.75645668         -2.05594053          1.91776410
1         11.49508818         -4.03707104         -1.28012188
1          9.68437304         -7.02167489         -4.45260181
1          5.05872843         -7.97167337         -4.39057753
1          2.28659870         -5.95572712         -1.21608878
1         -1.10016597         -5.38543209          5.24160382
1         -1.32333607         -8.96805042          8.27423555
1          2.63590900        -10.74520096         10.12067740
1          6.81509472         -8.94362044          8.87836157
1          7.04371106         -5.43869156          5.79654729
1          6.71398822          5.24341864          6.43203610
1          6.30505736          8.73636904          9.50279430
1          2.13553193         10.83839074         10.17173115
1         -1.64103937          9.37148090          7.75619631
1         -1.25043640          5.80671529          4.72386005
1          2.05983266          5.74045787         -1.47386720
1          4.78315352          7.91894601         -4.58977383
1          9.48140394          7.55259749         -4.30401092
1         11.41756777          4.99647771         -0.84416315
1          8.72255760          2.86360599          2.29522851

